[team.jpg]
filters=Holga=1,100.000000,64.912285,54.970760;warm=1;finetune2=1,0.000000,0.000000,0.151579,00000000,-0.520468;
moddate=159e6822b617d201
width=1920
height=1278
textactive=0
